.Random.seed <-
c(10403L, 10L, -1426731695L, 1222319107L, 864961426L, 339554596L, 
72787943L, 608508989L, 879184564L, -1770854118L, 731900517L, 
1507892991L, -609066106L, -284170992L, -418136653L, 338370129L, 
-1678139904L, -2085864738L, -2010326743L, -762190629L, -1677253654L, 
1521947532L, -2022189873L, -1334166395L, 996751164L, -20503022L, 
-163863283L, 434753095L, 1305809966L, -1914054264L, -748429173L, 
178469481L, 556598840L, -1175142682L, -5367167L, 232408595L, 
-1703456318L, 646453876L, 411516023L, 1311720813L, -1104586236L, 
-189007574L, 1938738837L, -1282726609L, 1079238710L, 516412512L, 
-877274461L, 1648291265L, 152373680L, -1840883506L, 737158713L, 
295893067L, 2035280378L, 2079696124L, 216107327L, 238306837L, 
-499854036L, 1768691202L, 1820503261L, -992585769L, 870163134L, 
-204720904L, -2137863461L, -2065116871L, -729607032L, -1742318538L, 
-420073359L, 210838179L, 1382004722L, -1864606908L, -267095033L, 
1258000861L, 562613972L, -682987014L, -779903675L, 1542154655L, 
-904127706L, 1004159920L, -1618685869L, 995724145L, 1648802464L, 
-885633474L, -1547295415L, -615719941L, -580313142L, 1831137580L, 
241593647L, -968387611L, -565769572L, -868544782L, -1621000339L, 
-1783113561L, 500316878L, -448255960L, 1360933931L, 1991882313L, 
-1581039784L, 653720070L, -656235551L, 173359475L, 235663842L, 
-1393670828L, 1668840535L, -1011580851L, 331547620L, 1905058250L, 
-1886246859L, -1594792305L, 287938454L, -1331102912L, -313149949L, 
-1371812831L, -649437424L, -840403730L, 1043995801L, 1726019883L, 
-66637798L, 438610652L, -659211553L, 150422709L, -92261812L, 
93978274L, 1030768125L, 575549175L, 1927956510L, 1140632280L, 
-1562780101L, -1535357991L, -1872144024L, -403378026L, 2089274897L, 
1316087747L, 494902226L, -522918300L, -836094553L, -96048387L, 
1267986164L, 1435273690L, -856797915L, -288613313L, -1405137978L, 
-1824282544L, -1309358989L, -265836399L, -1199703872L, 1070789278L, 
-1162301847L, -1814724965L, 1582044074L, -1802962996L, -683816305L, 
-1437080891L, -927446404L, 1266370258L, -1289457075L, -828301561L, 
-1745501458L, -1141721144L, -2061387573L, 817629481L, 270070136L, 
-1870432602L, 970227905L, -392246957L, -1296091646L, -1222439116L, 
-1925686089L, -1761710931L, 706484676L, 2052045290L, -765966763L, 
1343985647L, 1205053430L, 3006752L, 144248547L, -1564297343L, 
895545840L, 2079551630L, -180357127L, -1454666357L, 971340218L, 
-1267877700L, -494216193L, 284281173L, 1531515500L, 295876290L, 
-1666137827L, -473614441L, -434785538L, -664401736L, -944139621L, 
-1411702535L, 1295761992L, -1304343178L, 1558346929L, -1414729501L, 
-1318105166L, 1186058244L, -1718877369L, 398940701L, -1917898604L, 
552173626L, -592076155L, -205167777L, -536585242L, -2062166416L, 
1003182483L, 913481265L, 485823712L, 100861310L, 2074548233L, 
1257117755L, 1980425738L, -1327950356L, 1066539631L, 1425249701L, 
-887503524L, -1593845454L, 899246125L, -471226649L, 1537952782L, 
1627248104L, 438902763L, -437100407L, -1970867176L, -2138094778L, 
221790625L, -389902285L, 566910370L, 1999631164L, 341231986L, 
-866297040L, 969735460L, -1063105736L, 193408730L, -1601140848L, 
-91500804L, -521733228L, 1924886594L, 1354765568L, -1582103492L, 
2076213584L, 1996603554L, 929624392L, -1618606324L, 569197276L, 
-1578967726L, 62231680L, 128381012L, 230821864L, -1453741830L, 
-421078192L, -1576337620L, 1898842484L, 1837312914L, -1714980768L, 
-1246863988L, 2090318688L, 17676770L, -1025649752L, -1029106484L, 
325701628L, 154822066L, 798184944L, 1428319172L, -109218472L, 
1696373114L, 1911194544L, -1978492484L, -1030125484L, -2067986494L, 
-1068085216L, 670730428L, 1108075088L, 226436066L, -313434008L, 
-2066680756L, -619435780L, 133491698L, -1243584256L, 2139967860L, 
-1154106360L, 830001082L, 1741373904L, 1267543020L, -1443122796L, 
-1095142958L, -14573216L, -2033721524L, 1487771936L, -142151806L, 
179904232L, -906194708L, 318125116L, 2032642930L, -1700004240L, 
-1454984156L, 1199917880L, 668765338L, -90803504L, -1067417412L, 
610463380L, 46925442L, 121755840L, 1767568188L, 1276910736L, 
1933893154L, -378830840L, -1313260276L, 438590620L, -904929774L, 
2072002432L, 1101606420L, -1773712856L, -1533377222L, 995891664L, 
-1298074516L, 1331067188L, -815290734L, -1991750816L, -159317172L, 
-222734368L, 1226909602L, 105596840L, 965528972L, 550529212L, 
1170753906L, -718588688L, -759103420L, -1927491240L, -11307462L, 
-915350672L, 405092412L, 26320660L, -339036734L, -741262624L, 
-1629870212L, 1463316176L, -927811422L, 1262296104L, -1524046580L, 
-598874180L, 1093069106L, 495626688L, 882379316L, 1671244744L, 
383154362L, 1865439632L, 733213164L, -843333036L, 1892991122L, 
-1720451296L, 546826700L, 699520480L, -1081788734L, 1180656680L, 
-2011368788L, -1028668228L, 2003728882L, -1275330256L, -1794665308L, 
516171448L, -41677478L, -1358158448L, 1792971644L, 794376468L, 
-474787006L, 542046976L, -2051246148L, 1640841040L, -646610142L, 
265117000L, 1745156620L, 517363804L, -255963950L, -2014750208L, 
-822489772L, 1762187752L, -1691149318L, 1987195088L, 1322007852L, 
185922292L, -1434752622L, 1601631328L, -752057076L, 1768919776L, 
1793132898L, -1663546712L, -195866036L, -777305732L, -1235974862L, 
1375113328L, -36669628L, 1320537560L, -134472582L, -862786000L, 
1291848380L, 18026324L, 904295490L, -1437135456L, 1279154876L, 
-1235117616L, -142488222L, -2092847128L, 797485004L, 1684864764L, 
-1158290958L, -2020226944L, -1048963852L, 410973832L, 302352186L, 
-1773350064L, 2127754860L, 1969410196L, -111271598L, 973291232L, 
-949226804L, 283922592L, -648791166L, -2008403224L, -2019568916L, 
-720344004L, -1736056206L, 1208075376L, 457868836L, 457647160L, 
372459546L, 1405373136L, 1713841212L, 1349432468L, -754520958L, 
63539136L, -963659460L, -883027312L, 1666972706L, -1412684792L, 
1197406348L, -1095496676L, 1151706770L, -419621760L, -1966940140L, 
-1891424984L, 199798330L, 342205648L, -880835476L, -1686678860L, 
-520001518L, -146352160L, 370888652L, -2055148064L, -1482052062L, 
136341800L, -265277172L, -531188164L, -2046467854L, -1227588880L, 
1920530668L, -1287619523L, -977399801L, -506967056L, -128407666L, 
-651864645L, -1353919587L, 339970378L, -1986461336L, -578484399L, 
1762653251L, 1133608260L, 753466866L, -127174713L, 435673489L, 
1439763734L, 2064078196L, 1891243013L, 2073056335L, -8738744L, 
1574034918L, 63370003L, -735493003L, 1635655250L, 1719277728L, 
-1316646519L, -733453893L, 358891020L, 1166616474L, -260870385L, 
-756075175L, 785354734L, 505108092L, -1608335635L, 294603159L, 
-898620832L, -1770129346L, -2079244021L, 985576333L, 1509986490L, 
-1658202376L, 771964065L, -95115181L, -1383861388L, 1720496386L, 
-1499631209L, -1156199583L, 1634545574L, -436586076L, -1843330987L, 
-1816152833L, -1853073000L, -1302125898L, -681919677L, 1653655173L, 
-436589790L, -189149168L, 1227754425L, -2099946389L, 1423728476L, 
268797578L, 963158655L, 1363995593L, 1182586974L, 1783614220L, 
-29764899L, -750683161L, 1868734480L, 1737411886L, -70565413L, 
-878618947L, 1124500522L, 1517647048L, -1646398991L, 902791011L, 
-1842296988L, 1111137938L, -516007065L, -2052864719L, 1705893494L, 
431472532L, 301685669L, 1402317999L, -1672568472L, -1892447930L, 
1850286323L, 1623498325L, 1948451378L, 1422651392L, 1883084009L, 
-1441713317L, 1047721388L, -574706246L, -1688364177L, 1523997945L, 
-553221746L, 524899420L, -1368529203L, -340676041L, 177518784L, 
-732231778L, 1567542379L, -320738323L, -1535807910L, 321925400L, 
1033436801L, -168831949L, 1183474260L, 1502242402L, 1175324919L, 
344517441L, 1703944646L, -1609929980L, -335061323L, 2081966495L, 
-1779317256L, 2064083926L, -2026236317L, 866305573L, -1048554046L, 
-689288528L, -453098791L, -1426361269L, -951563588L, 2019293418L, 
257168671L, 619396521L, 1567390526L, -757885396L, -1205230467L, 
-1601954105L, 1556547504L, 589650382L, 1678684923L, -1117621923L, 
-1029475702L, 241410216L, 365708305L, 1569797379L, 1795545092L, 
387504178L, 756117639L, 1834261713L, -1266579882L, 748901940L, 
241773893L, -1697996913L, 2077035272L, 503041318L, 297776595L, 
